***** Relationship: equal to *****
Pattern: "known as"
Description: ... is known as ...
Frequency: 35
Address:[15, 26, 72, 75, 86, 86, 105, 157, 205, 215, 278, 291, 305, 311, 322, 342, 393, 435, 460, 469, 581, 589, 596, 618, 648, 702, 713, 729, 732, 738, 756, 761, 792, 811, 814]
-----
***** Relationship: had role *****
Pattern: "played as"
Description: ... as a [role]>
Frequency: 419
Address:[0, 5, 12, 13, 14, 14, 14, 16, 18, 20, 21, 24, 24, 25, 27, 33, 36, 36, 37, 38, 40, 43, 43, 45, 50, 58, 67, 68, 68, 78, 88, 89, 95, 96, 97, 99, 100, 101, 101, 102, 104, 110, 113, 117, 121, 121, 121, 123, 124, 127, 127, 133, 134, 136, 136, 137, 137, 138, 138, 140, 140, 141, 143, 147, 150, 156, 158, 158, 159, 161, 162, 164, 166, 166, 169, 177, 180, 180, 187, 188, 200, 206, 208, 208, 214, 218, 226, 229, 229, 230, 231, 232, 234, 236, 236, 237, 237, 238, 238, 238, 239, 240, 247, 248, 250, 250, 251, 258, 263, 263, 265, 269, 270, 270, 272, 272, 272, 273, 274, 276, 277, 281, 281, 282, 299, 305, 306, 308, 309, 310, 312, 314, 316, 318, 319, 319, 320, 321, 325, 326, 326, 327, 327, 329, 330, 330, 332, 334, 334, 335, 336, 337, 337, 339, 344, 344, 345, 347, 350, 353, 356, 359, 360, 360, 361, 361, 361, 364, 364, 364, 368, 370, 387, 388, 390, 397, 401, 404, 407, 408, 409, 411, 414, 418, 419, 420, 422, 422, 425, 428, 429, 430, 430, 430, 432, 433, 438, 441, 441, 441, 442, 444, 445, 446, 447, 449, 449, 450, 454, 455, 456, 457, 464, 465, 465, 465, 465, 467, 467, 472, 472, 476, 480, 485, 489, 489, 489, 496, 496, 496, 497, 501, 507, 507, 511, 512, 515, 515, 520, 520, 521, 523, 524, 525, 530, 530, 531, 531, 532, 532, 533, 536, 540, 543, 544, 544, 545, 547, 548, 549, 553, 554, 554, 556, 556, 556, 558, 561, 561, 562, 568, 570, 571, 572, 573, 574, 577, 577, 577, 578, 580, 580, 580, 581, 582, 582, 584, 586, 592, 593, 599, 599, 599, 602, 603, 605, 616, 620, 620, 620, 621, 621, 622, 622, 624, 624, 630, 631, 633, 633, 639, 639, 640, 641, 644, 645, 649, 651, 652, 653, 653, 655, 659, 661, 663, 663, 663, 665, 666, 668, 669, 669, 669, 670, 676, 677, 687, 694, 694, 696, 696, 696, 698, 703, 703, 704, 704, 705, 707, 708, 708, 710, 713, 716, 717, 717, 718, 719, 723, 724, 725, 725, 727, 730, 734, 734, 738, 741, 743, 749, 752, 753, 753, 754, 755, 755, 755, 757, 760, 762, 764, 765, 767, 767, 770, 773, 773, 773, 773, 773, 775, 776, 776, 776, 777, 781, 782, 783, 784, 785, 786, 786, 787, 791, 793, 794, 794, 798, 803, 803, 805, 806, 808, 811, 811, 812, 813, 815, 822]
-----
***** Relationship: played in team *****
Pattern: "played for"
Description: ... plays/played for ...
Frequency: 378
Address:[0, 0, 1, 2, 3, 5, 7, 8, 8, 10, 11, 12, 14, 16, 16, 20, 21, 24, 25, 26, 27, 31, 33, 36, 37, 37, 38, 40, 41, 42, 43, 45, 47, 49, 52, 58, 64, 65, 66, 78, 80, 85, 86, 87, 88, 89, 95, 96, 98, 100, 101, 102, 103, 105, 106, 110, 113, 113, 116, 117, 121, 123, 123, 123, 124, 127, 133, 134, 134, 137, 138, 140, 143, 147, 150, 156, 158, 159, 160, 161, 162, 163, 164, 165, 166, 169, 170, 180, 187, 188, 200, 205, 206, 207, 209, 210, 215, 218, 224, 229, 232, 234, 236, 239, 240, 247, 248, 256, 262, 262, 263, 270, 270, 272, 272, 273, 276, 277, 278, 278, 280, 280, 282, 304, 304, 305, 306, 308, 309, 310, 311, 312, 314, 315, 315, 316, 317, 318, 320, 322, 325, 326, 328, 328, 329, 331, 331, 335, 339, 342, 343, 344, 344, 347, 349, 350, 353, 354, 356, 359, 360, 361, 364, 367, 368, 370, 377, 377, 378, 381, 387, 391, 393, 397, 399, 400, 401, 404, 407, 408, 410, 411, 411, 412, 414, 417, 422, 422, 423, 423, 425, 426, 429, 430, 430, 432, 437, 439, 439, 439, 440, 441, 442, 445, 446, 450, 453, 454, 455, 457, 460, 461, 464, 465, 467, 472, 476, 477, 478, 480, 481, 485, 489, 492, 496, 497, 500, 501, 505, 507, 508, 512, 516, 520, 521, 524, 525, 531, 532, 533, 535, 536, 538, 540, 541, 546, 549, 550, 554, 556, 558, 564, 564, 565, 568, 570, 571, 571, 572, 574, 576, 577, 578, 581, 585, 592, 594, 595, 596, 597, 601, 602, 605, 613, 616, 618, 620, 624, 629, 631, 633, 638, 639, 644, 645, 650, 651, 652, 655, 657, 661, 662, 665, 666, 667, 669, 670, 675, 676, 677, 677, 677, 677, 677, 688, 692, 694, 696, 698, 699, 701, 702, 703, 704, 705, 710, 716, 716, 717, 718, 719, 721, 722, 724, 727, 728, 729, 730, 737, 738, 738, 741, 743, 743, 745, 746, 749, 750, 752, 754, 757, 761, 763, 764, 765, 769, 770, 771, 771, 773, 781, 782, 784, 785, 786, 787, 789, 791, 792, 793, 795, 795, 798, 800, 802, 804, 805, 806, 807, 807, 808, 809, 811, 815, 816, 817, 820, 823]
-----
Pattern: "debuted for"
Description: ... debuted for ...
Frequency: 69
Address:[16, 24, 36, 38, 68, 89, 95, 100, 101, 117, 121, 127, 163, 166, 187, 214, 226, 231, 248, 257, 270, 273, 277, 304, 305, 311, 332, 334, 336, 344, 377, 381, 401, 430, 433, 489, 492, 508, 516, 521, 532, 538, 547, 553, 555, 556, 568, 580, 581, 593, 633, 648, 649, 651, 655, 694, 702, 704, 705, 716, 718, 727, 738, 752, 777, 785, 786, 804, 820]
-----
Pattern: "started at"
Description: <subject> started at <organization>
Frequency: 82
Address:[1, 10, 12, 15, 37, 41, 64, 64, 66, 102, 110, 116, 117, 121, 127, 133, 163, 166, 206, 209, 210, 266, 272, 274, 276, 310, 315, 318, 330, 357, 370, 400, 423, 444, 445, 446, 453, 460, 467, 497, 508, 538, 544, 546, 550, 558, 561, 564, 570, 572, 576, 584, 602, 622, 629, 630, 638, 645, 677, 701, 708, 723, 725, 728, 730, 734, 746, 750, 754, 762, 767, 775, 783, 784, 789, 792, 798, 801, 803, 807, 816, 823]
-----
***** Relationship: established *****
Pattern: "founded by"
Description: <subject> founded by <object>
Frequency: 6
Address:[63, 91, 135, 488, 498, 499]
-----
***** Relationship: situated at *****
Pattern: "lived in"
Description: <subject> lived in <object>
Frequency: 4
Address:[39, 98, 299, 727]
-----
***** Relationship: adversary *****
Pattern: "played against"
Description: ... played against
Frequency: 293
Address:[0, 1, 14, 15, 24, 24, 24, 24, 36, 36, 36, 37, 64, 68, 95, 96, 96, 97, 97, 100, 101, 101, 102, 104, 110, 117, 121, 123, 127, 127, 127, 133, 134, 136, 136, 136, 140, 143, 143, 150, 166, 187, 206, 208, 208, 208, 208, 209, 209, 210, 210, 210, 210, 214, 226, 229, 230, 230, 230, 231, 231, 231, 231, 236, 237, 237, 237, 238, 238, 248, 250, 250, 263, 266, 272, 272, 274, 276, 277, 277, 278, 278, 278, 281, 301, 305, 306, 309, 311, 318, 319, 319, 321, 321, 321, 326, 332, 334, 334, 335, 336, 336, 337, 339, 339, 339, 343, 350, 353, 361, 364, 368, 368, 370, 377, 377, 381, 387, 390, 396, 396, 400, 400, 401, 410, 411, 411, 414, 419, 419, 419, 429, 433, 435, 435, 435, 440, 441, 442, 442, 444, 446, 449, 453, 453, 453, 455, 455, 456, 456, 460, 460, 461, 461, 466, 466, 466, 467, 472, 476, 492, 492, 492, 492, 496, 496, 497, 497, 508, 515, 516, 516, 516, 520, 521, 521, 521, 524, 532, 532, 538, 538, 539, 541, 544, 545, 547, 550, 554, 555, 556, 564, 568, 576, 580, 581, 584, 584, 592, 593, 595, 599, 601, 601, 603, 622, 629, 629, 630, 631, 631, 633, 633, 633, 633, 644, 645, 648, 648, 649, 651, 651, 655, 655, 660, 663, 668, 668, 668, 669, 677, 687, 687, 688, 694, 699, 701, 703, 704, 705, 710, 713, 717, 718, 723, 727, 734, 737, 738, 738, 744, 749, 750, 752, 754, 755, 757, 761, 762, 762, 762, 762, 763, 764, 764, 764, 764, 767, 770, 775, 777, 777, 778, 784, 785, 786, 786, 789, 791, 792, 792, 792, 795, 795, 801, 804, 805, 811, 813, 820, 820, 820, 823]
-----
***** Relationship: birthplace *****
Pattern: "born in"
Description: <subject> born in <location>
Frequency: 101
Address:[0, 1, 8, 9, 10, 12, 14, 16, 24, 37, 88, 89, 96, 110, 116, 121, 140, 166, 209, 210, 231, 237, 238, 262, 272, 273, 277, 281, 299, 310, 315, 318, 321, 332, 337, 350, 353, 354, 360, 364, 367, 411, 414, 430, 449, 455, 460, 465, 501, 507, 516, 520, 530, 532, 536, 539, 541, 542, 543, 546, 555, 556, 558, 561, 572, 574, 577, 586, 600, 602, 621, 622, 638, 639, 644, 649, 677, 687, 692, 713, 727, 730, 741, 744, 746, 754, 761, 764, 767, 773, 785, 786, 788, 789, 795, 803, 804, 804, 807, 820, 823]
-----
